EDM scores
0.10503398430379585
0.10571963889663191
0.10585980730874808
0.10773917540223447
0.10835393284868906
0.1088885410383079
0.11104375254785498
0.11439565904859939
0.11594095699361538
0.11596640040575144
0.11760101376029103
0.11948865511650114
0.12128709281709642
0.12283247291040271
0.12324439575703296
0.12353771032602305
0.12374066317350503
0.12641537113500934
0.12964709916162853
0.13099102570097546
0.13132080119805084
0.13349848299658626
0.13564941797956245
0.13569933944245471
0.13584347813713807
0.1358577794805533
0.13721043814341563
0.13728121249570124
0.13750187835812844
0.1376855101308267
0.138085276431808
0.13810137913839998
0.1390219770989604
0.13961770091443304
0.14030228658207738
0.1405089195235995
0.1412090045797428
0.14140774727826022
0.14189950375954138
0.14231857532017228
0.14320380756177561
0.14392895274253956
0.14489246197366087
0.14717748411981527
0.14720686928467513
0.14820977031804647
0.1486425660803293
0.14926801182365268
0.1493119686746692
0.14932426221975373
0.15019221517717957
0.15107470698978198
0.15196477641195869
0.15319055444184582
0.15414626240636828
0.15497058803352598
0.15635857914245713
0.1571477844866181
0.1573014748659252
0.15738558838120606
0.15777844476851705
0.15933319455378825
0.15956821930270862
0.1597056051560511
0.16037436207256323
0.16079946885542834
0.1609630588325588
0.1609857220046032
0.1611497420061461
0.16145903828201316
0.16155762660842227
0.16165687017877825
0.1618493195981194
0.1621204327149737
0.16245090957767663
0.1625862152459976
0.16458707730573918
0.16459752402434674
0.16500074779481114
0.16532058665527868
0.1659700863577085
0.16614913842150805
0.16648925692586033
0.16753634307656312
0.1679180949460731
0.16839897934500064
0.16845552621423296
0.16885941185860825
0.16898310900537794
0.1690311482974875
0.16906722862772883
0.16973243898759305
0.16975041696030432
0.17031236346496947
0.17037789081483762
0.1711518330119267
0.17159833053327644
0.17223228861906648
0.172237240891933
0.1723907272573645
0.17241773296081203
0.17274927252231517
0.1727512406182102
0.17279863869788886
0.17291488507553343
0.17322896006952584
0.17355929130360848
0.17356986806762117
0.17370069623631273
0.1739316418187607
0.17440848944944923
0.17462929608812022
0.17476405114890664
0.17506471082888064
0.1755863528083262
0.17586370388344708
0.17588510002461116
0.17592013957047853
0.17602968856904339
0.17612325206017934
0.1765369654011241
0.17662133877589475
0.17677959623719225
0.17738863085565307
0.1775422722305764
0.1775812639778589
0.1776569006761559
0.17772604703696368
0.17790407733423175
0.1779427823245832
0.17798210970927672
0.17808626079721554
0.17812265902328217
0.1782152245985408
0.17830205294986334
0.17837510371957013
0.1786378766854798
0.17865457241295377
0.17938807618239958
0.17962111220353805
0.1797181034049616
0.17975548624641244
0.1798744712601791
0.179985607792992
0.18016632116904968
0.18048631879119983
0.18092545883744207
0.18104013861930882
0.18117304439748091
0.18136982627793513
0.18140973413504158
0.18156300929669292
0.18158162462655833
0.18216392928359265
0.18280508116291602
0.1828089949956371
0.18291700129891786
0.18294195883854106
0.18316133926260061
0.1831691857845815
0.18332758203906818
0.18357933293336148
0.1837359591857724
0.18392118189788867
0.18420816002013768
0.18425615139587626
0.18445335394235485
0.18454908358008362
0.18456010061298583
0.18466616632490843
0.1846726195836716
0.18477974735556213
0.18484630182426906
0.18489137884876286
0.18493423418322855
0.18500576147498157
0.18504976962977213
0.18511284195631947
0.1852535553734419
0.1855180660878117
0.1857429451988668
0.18600092528775175
0.1861310658648009
0.18630408696656447
0.18641990753428078
0.18671252850401723
0.1867636741007913
0.18678283576858634
0.18687981006221854
0.18690015012111513
0.18703909950926412
0.18715311447337163
0.18717020952377264
0.1872833580947622
0.1873723865383257
0.1873899452635384
0.18747509704965276
0.1875722284633102
0.1876882229813589
0.18776358439969812
0.18792860814533016
0.1879467014694925
0.18808445226264045
0.18812052128141082
0.188163444946078
0.18822285793139223
0.1883920632704898
0.18842574690464337
0.1885377353798262
0.18855664699326263
0.1885997222716274
0.18868406181256428
0.18896564369442062
0.1889974893903243
0.18909804943484815
0.1891104246175759
0.18922968010687347
0.18928454987832888
0.18940336338127628
0.18947079611778112
0.1895693371629102
0.18959879532690374
0.1897429397372398
0.1897838554923525
0.1898204750616123
0.189850690337439
0.18985714912088034
0.18988543636936298
0.18989758847753502
0.18991695680518025
0.19011554186337168
0.1901442900549552
0.1901500178252002
0.19015349687818664
0.19029195453884595
0.19034602424257563
0.19040941646892087
0.19042724196391597
0.1905440392508153
0.1906798994230931
0.19068931447148962
0.19069321441394751
0.19076097981096587
0.19080690190353283
0.19081199764437873
0.19082559781628947
0.19099603289494105
0.19101240171383574
0.19110765895989879
0.19111409517085493
0.1911575680618727
0.19118203206406797
0.19129568701639676
0.19131262667708043
0.19135327891476533
0.19139693425222623
0.1914629859972256
0.19162619315241888
0.1916810276722593
0.1916814146766454
0.19169387626739132
0.1917437931881959
0.191858909698891
0.19191476836584975
0.19193100659951526
0.19201354313050992
0.19204267068175326
0.19227773009302082
0.19233799781183122
0.19234586427634412
0.19236702998854902
0.19241968212395763
0.19243181932069214
0.19248701478035177
0.19249835241772803
0.19251622370424398
0.19257668186594937
0.19268407010537134
0.19275725292858711
0.1927726099283232
0.19277367747008062
0.19280600770688344
0.19287881128768042
0.19292658174762387
0.19325894729220713
0.19330133010839665
0.19346801927920138
0.193507359550757
0.19354950598586684
0.19365983646152923
0.1936622897969365
0.19379497997441283
0.19382450468769546
0.19383520150911404
0.19385397433608453
0.19386272353919062
0.19386441485541556
0.1938820275140304
0.19392007906561803
0.1939608805157203
0.1940635295456511
0.19406732796458934
0.19411735826676993
0.19415659918748368
0.19417703076492937
0.19420381557385813
0.19430422625258734
0.19432391376595573
0.1943879181085067
0.19442021150575295
0.19452128207202102
0.19453806058753056
0.19459508419397972
0.19462234296811767
0.1947041300453459
0.19471599621051527
0.19476333169269958
0.19478113402260844
0.19494734382102225
0.19497172503172058
0.19498120866419053
0.19503796012223668
0.19512179066876653
0.1952120383131894
0.1952350409248449
0.1952807950708821
0.19541777968416976
0.19542809107290818
0.1955188436559702
0.1955817178090488
0.19558956723096524
0.19563335123332773
0.1956997281368013
0.19574072363254738
0.19575084054441103
0.19582021674993635
0.19582594644548978
0.19583642658656966
0.19591414236964722
0.19591834145343043
0.19594076047431983
0.19603017138192286
0.19603427864386966
0.19608544003998882
0.19609654044092104
0.1962458967195553
0.1962549214290399
0.1962907892736462
0.1963101082052763
0.19639232230962525
0.19645321268197596
0.19648574437078797
0.19649128064390467
0.19656682236836714
0.1965894493160355
0.1965992462318584
0.196654341139503
0.19673688111659118
0.19684762405743617
0.19688725248229197
0.19694087399570523
0.19694255595119078
0.1969621243896122
0.19701504398074893
0.19707980701715377
0.19708310615484206
0.19709036641273578
0.197204523573465
0.19721510498262185
0.19725970945717766
0.19728171114722817
0.1972871287001496
0.19728871621976196
0.1973667162263493
0.1973857867980454
0.19739806153269462
0.19741461896444365
0.19742430796917124
0.19742862991706797
0.1974383327542639
0.19747900703190316
0.19751655239532415
0.19760358855494636
0.1976532660054334
0.19765600420302426
0.1976645148028962
0.19770698101867898
0.19771002712129176
0.19773915733534259
0.19780055682876105
0.19781487055943953
0.19788185095727812
0.197913653043814
0.19791975322877797
0.19792095615455788
0.19795637147445344
0.19798368065400224
0.1979950689665152
0.19799860986903314
0.19800110591350048
0.1980280476723793
0.19803817972121399
0.19805768624702325
0.19805903133643338
0.1980798727406874
0.19810291329738738
0.1981309064505858
0.19813766598478091
0.19814578555857132
0.19816280167049333
0.19824114347625751
0.1982520366736638
0.19826039234324572
0.19826162463905392
0.19827317749101653
0.19827865610318632
0.1982880666046254
0.19834293005319573
0.19839117050503208
0.19839192185407606
0.1983966713362311
0.19842597944398166
0.19845752070725534
0.19848075600095372
0.1984860628970572
0.19848838194611435
0.19853154202495707
0.19859712105919736
0.19867298935250852
0.19869409397625995
0.19869878117150444
0.19874939961123786
0.19878377901740776
0.1988422938988885
0.19885945935791977
0.1988612593933261
0.1989075547133184
0.19897481552519344
0.19902679471377688
0.1991194068836813
0.1991375160494219
0.1991408411603424
0.19916472743297095
0.19918542148503407
0.19920633484409814
0.19921060914461947
0.19926299519702653
0.1992897217456836
0.19931213530492412
0.1993535875041596
0.19936592180159426
0.19937058929846274
0.19941614479748307
0.19943737613448415
0.19945947226820676
0.19946988469326918
0.19948181556056208
0.19950268499438698
0.19950866319646335
0.19952978171562877
0.19955854456399338
0.1995631218639448
0.19956333095720047
0.19959357682506973
0.19961076017285273
0.1996118793209738
0.1996661777100324
0.19967234794454744
0.199716637512286
0.19973090204182822
0.19975806807255905
0.19981090385520575
0.19984148985053266
0.19984963621815163
0.1998529090814033
0.1998594044270156
0.19986722469748566
0.1998882563577112
0.19990170601342044
0.19990450536233575
0.19990766108393648
0.1999108007893605
0.19991381467235633
0.19992974080542666
0.19995274297523308
0.19998519020843294
0.199991273421313
0.200002301944084
0.20001377175961985
0.20005921998678158
0.20007279246989215
0.20009555024866274
0.20012959598329066
0.20017629208632343
0.20020954685652048
0.2002425090056398
0.20025872073634435
0.20028545792307853
0.2002885087143034
0.2002955375339905
0.20032017504239827
0.20032250645765337
0.20036486028534328
0.20037372572746348
0.2003902988515031
0.20040785082285067
0.20045513830365885
0.20052260185179308
0.20053002339359294
0.20063887106411388
0.20064010270900198
0.20065728534294883
0.2006614202857868
0.20069560372376283
0.20073836287950408
0.20075059698762346
0.20079613930620518
0.20082725653571332
0.20082907454509932
0.20085058818033039
0.20085277909505705
0.2008551644854996
0.20086543684855504
0.2008719827926407
0.20087766750906455
0.20094767532268581
0.20094792300612424
0.20096534070105082
0.20099506931877892
0.20099662316466196
0.20106513978887194
0.20106690877310673
0.20107127685721227
0.20108535249065726
0.20112894882037707
0.20113795582174215
0.20115040554526356
0.20116643576943474
0.2012067469157765
0.2012115569017289
0.20121674854847785
0.20122032027940617
0.20124033889653437
0.20126834794946866
0.20128774768573265
0.2012908296323027
0.20132119094761566
0.20135648358783026
0.2013638788204065
0.20139129773238348
0.20144101979296425
0.2014630972594246
0.20146612052265486
0.20147794521606086
0.20148179787714787
0.2014963547938135
0.20152524407554806
0.2015405851118812
0.20156092170014916
0.20157326789645405
0.2016035080349752
0.2016066861270612
0.20161183817042705
0.20161267462787133
0.20161772545838688
0.20162377309663848
0.20163213451914969
0.20164578616121218
0.20166335669478205
0.20168129109337668
0.20169090366037762
0.20172716368834462
0.20175173245897024
0.20175385610926713
0.20176878078456117
0.20181345063392503
0.20182504043718758
0.20182824072004854
0.20182889676285
0.20183208739041988
0.2018379458627166
0.20187897777833544
0.2019158034245821
0.2019265546844093
0.20195982973635715
0.20198916531231212
0.20199751670541166
0.20200064181753322
0.2020064075899401
0.20200768339039954
0.20200950037967755
0.20201254002062097
0.2020156447113325
0.20201912958423512
0.20202216991475352
0.20203759922967252
0.20203865057115378
0.20206667273848186
0.20209664644456943
0.202100490853891
0.20213936566899254
0.20214179210161715
0.20218933062047117
0.2021952268010423
0.2021968714929386
0.2022027127466352
0.20220332207369965
0.20222192805920253
0.2022510916732593
0.20225558277892297
0.20226331764459504
0.20227379720525399
0.20228422065358745
0.20228781092046713
0.20229756496046575
0.20231453829798182
0.20232413011360836
0.20232463951037055
0.2023276890451134
0.20232934563762103
0.20233379535975196
0.20234848723613955
0.20236605880144065
0.20237901118698629
0.2023995186638511
0.2024028641578794
0.20241495964796674
0.20244784631449905
0.20244954580684354
0.20245474548965767
0.20248518466822382
0.20249432110067292
0.20249718595010974
0.2024993763165146
0.20250402483925492
0.2025086885728965
0.2025128348700483
0.20251525501696152
0.20251789687033936
0.20251937221196886
0.202524198824347
0.20253430713658033
0.20254167361870917
0.20255762745304692
0.20256294793724533
0.20257106552683168
0.20258455684457602
0.20259063784021908
0.20259966015876518
0.20260036991339406
0.20260045840942076
0.20260616135469706
0.2026082626445591
0.20261575206152302
0.20261915281423354
0.2026289885832216
0.20264077159883193
0.20264122125876713
0.20269344973849518
0.20269469291851902
0.20272185970543832
0.20272434288487182
0.20273686689849602
0.20273861707305524
0.2027429211818735
0.20274713569175046
0.20274765089279878
0.20275072885655548
0.20275621834684024
0.2027587885095146
0.20276054114290173
0.2027631065956333
0.202772585504836
0.20277373916740388
0.20278868029654906
0.20279365483076017
0.20279960651466278
0.20281513605998275
0.20281519053306682
0.20281758906470274
0.20282347710424065
0.2028289942230251
0.2028364677074232
0.20284858797220592
0.20286749914840677
0.20288667849301534
0.20288689373886834
0.202890243053597
0.20289110542208272
0.20289676772897053
0.20292605736765545
0.20292772020699298
0.20293166999145842
0.20295539494152512
0.20296397369990607
0.20297536800194055
0.20298337659671845
0.20299197427981555
0.203011376187485
0.20302115420078143
0.20302481590928212
0.20303654513792768
0.2030377436521619
0.2030411732911118
0.20306198827200336
0.203082811168545
0.20309574898902746
0.2031003199290196
0.20310584355826172
0.20311041279219513
0.2031227358885267
0.20312909808073754
0.20313400403652226
0.203145343463737
0.20317086257044742
0.20317257140737843
0.20317947779378334
0.20318898172976213
0.20319399345289793
0.20319687294917918
0.20320135628903288
0.2032083468726241
0.20321207598027602
0.20324377170630323
0.2032538699134886
0.20325616457711274
0.20329867015308378
0.2033019648009677
0.2033025099718548
0.20331627412021197
0.2033274631053253
0.2033290490535473
0.20334629278979663
0.20335513117186055
0.20336008779004947
0.20336965011177607
0.20337059862535714
0.20337278377325468
0.20337288509165286
0.20337316627984547
0.20337723393080917
0.20339671357508968
0.20342608207971138
0.2034364294957819
0.20343859940140502
0.2034395682609833
0.20344286832757744
0.20344594162234247
0.20344995537080213
0.20345909653643715
0.20345960785303557
0.20347205415382785
0.20347288438963645
0.2034790808655285
0.20348128431276521
0.20348704086377473
0.20349933090127223
0.2035069938855054
0.20351175582519887
0.20351947939166168
0.20352012298981934
0.2035356950272081
0.20355136126650278
0.2035536468740372
0.20357125255281192
0.20357543581317813
0.20359170788102654
0.20359913414671432
0.20361079547216931
0.20361338912730043
0.20361419274027748
0.20361867132290484
0.20362147486470245
0.2036229605760784
0.20363257247489824
0.2036600582941154
0.20366482075959638
0.20367299071006545
0.20368488117010877
0.20368826811540983
0.20370151439156622
0.20370241978903877
0.20371013857075781
0.20371939345023551
0.20372558482961123
0.20372967367890352
0.20373433866178922
0.2037351658529556
0.20373689333945788
0.20373938261455032
0.20374724370133715
0.20375444133046577
0.20377361479484385
0.2037756592454757
0.2037768100315301
0.20377850831622138
0.20377971658488675
0.20378886358252182
0.20379151592809067
0.2037933438732015
0.20379492086085435
0.2037950331646208
0.20379527624785918
0.2038054415656343
0.20380918809500306
0.2038209136546639
0.203822325510486
0.20382329533700685
0.20382458736824846
0.20384175981431976
0.20385732172651358
0.203859259551481
0.2038601353989325
0.20386018054922053
0.20386211731013326
0.2038632551135433
0.20386526378830763
0.2038813333366824
0.20388940258423902
0.20389345786214938
0.20389371951580687
0.20389473925221255
0.20389719982250706
0.20389986349485492
0.20390871454332515
0.2039097043980017
0.2039151193307878
0.20391862781355122
0.20392305892660423
0.20392357499869965
0.20392700817508266
0.20393448784058643
0.20394076750061013
0.20394236596851342
0.20394691637123047
0.20396605095261608
0.203970089824689
0.20397364764157733
0.20397639532785572
0.20398022592762283
0.20398673380237042
0.20398712631334162
0.2039884539771126
0.2039890039716697
0.20399492790087279
0.2039983421938139
0.20399997596481362
0.20400127169543378
0.20400537385260373
0.2040101742779341
0.2040132385443878
0.20401379505838088
0.2040143492761288
0.20401894043922378
0.20402103962325638
0.20405062272655117
0.20405147579717062
0.20405571958893193
0.20405608617826482
0.20405812500271162
0.2040604437816881
0.20406087828721803
0.20406348981252273
0.20406484431338665
0.20406550491856681
0.20406585903348815
0.20407298791311324
0.20409134852089994
0.20409511382660367
0.2041038873411397
0.2041045286263191
0.20410614518056883
0.2041068966810868
0.2041091632403921
0.2041118635097192
0.2041182632347333
0.20412052340475673
0.2041205817038089
0.2041213583048065
0.20412138753414266
0.20413524927933907
0.20413591979828152
0.2041403657274138
0.20414173781993156
0.20414177628273447
0.20414517262518336
0.20414582332353906
0.2041463129506145
0.20414883738576012
0.20415076380505437
0.20415648551686438
0.20416099596329415
0.2041692171999175
0.20417091733704712
0.20417239003600574
0.20417486922170985
0.20417751142345916
0.20418020125083378
0.2041820629868327
0.20418223827294385
0.20418429503412555
0.20419230657691761
0.2041979657383228
0.2041992485200108
0.20420518033616938
0.20420700121620197
0.20421035242729565
0.20421224304701033
0.20421462449946073
0.20421928500130276
0.20422015573493577
0.20422148746175028
0.20422235976583986
0.20422435389437255
0.20422542313103637
0.20422601664539305
0.20422840178476945
0.2042302613850841
0.20423467794064482
0.20423984157906383
0.2042489130034529
0.20425423000040357
0.20425512338244875
0.20425523511135207
0.20425689024827887
0.20425843336768315
0.20425978971089376
0.20426303821244135
0.20426525855350827
0.2042671424281971
0.20426883443669086
0.2042735848373304
0.2042737451923842
0.20427440379557937
0.2042750438169276
0.20427782991548513
0.20428014514911955
0.20428041089000581
0.2042832658170357
0.20428876097790588
0.20429292192110693
0.20429420947816732
0.2042955087842911
0.20429773305605659
0.20429817324402863
0.20430392604274616
0.20430441899380705
0.20430855360357672
0.20431211986280345
0.204316718972338
0.2043183325980506
0.204318804867168
0.20431899674768536
0.20432057994015046
0.2043236216814951
0.20432763806792545
0.20432820476725658
0.2043309817290004
0.2043312203766697
0.20433130849495043
0.204332204155276
0.20433224706171746
0.20433273589820733
0.20433409232334837
0.20433411067028015
0.20433417090567893
0.2043350108821764
0.204335129473329
0.20433591768266504
0.20433617699862133
0.20433659737270068
0.2043369596878822
0.2043376729603073
0.20433992935121104
0.20434149568148866
0.2043433621542842
0.20434385579605144
0.20434415202329803
0.20434496126128093
0.20434498430261347
0.2043452544086528
0.20434538691262338
0.2043458829566799
0.20434615496627775
0.20434635155114605
0.20434650450846534
0.2043467080535317
0.20434686054125303
0.20434690734359812
0.2043472937551178
0.20434742931535615
0.20434749220939452
0.20434755181852143
0.20434757030874484
0.20434757159365138
0.2043477485530826
0.20434782727446316
0.20434782801647144
0.20434793268055143
0.2043479535180373

